Job Title,Location,Salary
Manager Systems Engineering 2,Location not available,Salary not listed
Manager/Technical Director MEMs Test Systems Engineering,Location not available,Salary not listed
"HPC Systems Engineering Lead (Linux, High-Performance Computing/HPC, Parallel Computing)",Location not available,Salary not listed
End-to-End Systems Engineering Lead,Location not available,Salary not listed
"Sr Manager, Systems Engineering",Location not available,Salary not listed
Engines Tool Development Engineer III - Fluids / Systems Engineering,Location not available,Salary not listed
"Manager, Thermal Systems Engineering, Integration and Test - Lunar Permanence",Location not available,Salary not listed
Senior Systems Engineering Modeling and Integration Specialist - Blue Engines,Location not available,Salary not listed
Associate Director Systems Engineering,Location not available,Salary not listed
"Intern, Systems Engineering",Location not available,Salary not listed
"Intern, Systems Engineering",Location not available,Salary not listed
Systems Engineering Technician,Location not available,Salary not listed
Systems Engineering Integrator (Verification) - NASA HHPC,Location not available,Salary not listed
Summer 2025 Systems Engineering Intern - Graduate,Location not available,Salary not listed
Systems Engineering Integrator (Lunar Surface Systems)- NASA HHPC,Location not available,Salary not listed
Systems Engineering Practitioner,Location not available,Salary not listed
Summer 2025 Systems Engineering Intern - Undergraduate,Location not available,Salary not listed
Senior Submarine Combat Systems Engineering Technician (AN/BYG-1),Location not available,Salary not listed
"Sr Consultant, Atlassian Sr Admin, Information Systems Engineering",Location not available,Salary not listed
Submarine Combat Systems Engineering Technician (AN/BYG-1),Location not available,Salary not listed
(Early Career) New Graduate Rotation Program (Spring / Summer / Fall 2025 Start Date) - Systems Engineering,Location not available,Salary not listed
Systems Engineering Manager,Location not available,Salary not listed
Systems Engineering Consultant/Expert,Location not available,Salary not listed
Systems Engineering Consultant/Expert,Location not available,Salary not listed
Aircraft Systems Engineering Change Coordinator,Location not available,Salary not listed
Systems Engineering Manager,Location not available,Salary not listed
Senior Analyst - Systems Engineering,Location not available,Salary not listed
Systems Engineering Manager - Direct Hire / Hybrid,Location not available,Salary not listed
Systems Engineering Team Lead,Location not available,Salary not listed
Business Development Systems Engineering & Integration Solutions Architect,Location not available,Salary not listed
Systems Engineering Manager,Location not available,Salary not listed
Business Development Intelligence Systems Engineering and Integration Solutions Architect,Location not available,Salary not listed
448 - Principal Systems Engineering Architect/Site Lead,Location not available,Salary not listed
"Senior Director, Systems Engineering Ultrasound",Location not available,Salary not listed
"Systems Engineering, Advisor",Location not available,Salary not listed
Launch Vehicle Integration Systems Engineering Lead,Location not available,Salary not listed
IT Systems Engineering Intern (USA),Location not available,Salary not listed
Systems Engineering Lead for Production,Location not available,Salary not listed
"Supervisor, Systems Engineering",Location not available,Salary not listed
Systems Engineering Lead,Location not available,Salary not listed
Principal Systems Engineering -Surgical,Location not available,Salary not listed
IT Systems Engineering Intern (USA),Location not available,Salary not listed
"MTS III, Systems Engineering",Location not available,Salary not listed
"Cyber Systems Engineering, Lead Associate",Location not available,Salary not listed
"Systems Engineering, Senior Associate",Location not available,Salary not listed
Systems Engineering Integration and Test (SEIT) Lead,Location not available,Salary not listed
"Systems Engineering, Advisor",Location not available,Salary not listed
"Systems Engineering, Senior Advisor/SETA",Location not available,Salary not listed
"Systems Engineering, Senior Associate",Location not available,Salary not listed
Sr. Principal Systems Engineering - Wireless RF,Location not available,Salary not listed
Model Based Systems Engineering (MBSE) Engineer,Location not available,Salary not listed
Director - Systems Engineering,Location not available,Salary not listed
"Sr. Manager, Finance Systems Engineering",Location not available,Salary not listed
"Systems Engineering, Senior Advisor",Location not available,Salary not listed
"Mid-Career Systems Engineering, High Performance Computing",Location not available,Salary not listed
National Security Solutions (NSS) Systems Engineering Internship,Location not available,Salary not listed
Systems Engineering DSP Algorithms SME,Location not available,Salary not listed
Robotics Systems Engineering Manager,Location not available,Salary not listed
"Cyber Systems Engineering, Senior Advisor",Location not available,Salary not listed
"Systems Engineering, Advisor",Location not available,Salary not listed
Systems Engineering (SETA) Advisor,Location not available,Salary not listed
Joint Model Based Systems Engineering Expert,Location not available,Salary not listed
Joint Model Based Systems Engineering Expert,Location not available,Salary not listed
Systems Engineering Requirements Development Lead,Location not available,Salary not listed
Systems Engineering Requirements Development Lead,Location not available,Salary not listed
"Cyber Systems Engineering, Senior Advisor",Location not available,Salary not listed
"Principal Engineer, Research and Systems Engineering(FHP)",Location not available,Salary not listed
"Manager, Systems Engineering - Sensor Integration",Location not available,Salary not listed
Test Systems Engineering Technician,Location not available,Salary not listed
Systems Engineering Lead,Location not available,Salary not listed
"Sr. Technical Professional, Systems Engineering",Location not available,Salary not listed
"Engineer, Vehicle Systems Engineering, Vehicle Integration",Location not available,Salary not listed
"Manager, Systems Engineering - Sensor Integration",Location not available,Salary not listed
Systems Engineering Advisor,Location not available,Salary not listed
Lead Engineer - Systems Engineering,Location not available,Salary not listed
Networking Products Systems Engineering Staff Engineer,Location not available,Salary not listed
Project Engineer MQ9 Combat Systems Engineering,Location not available,Salary not listed
Systems Engineering Requirements Lead,Location not available,Salary not listed
Submarine Combat Systems Engineering Technician (AN/BYG-1),Location not available,Salary not listed
Staff Engineer - Systems Engineering,Location not available,Salary not listed
Systems Engineering Fellow,Location not available,Salary not listed
Senior Submarine Combat Systems Engineering Technician (AN/BYG-1),Location not available,Salary not listed
Systems Engineering Intern-Summer 2025,Location not available,Salary not listed
Communications Systems Engineering (SME),Location not available,Salary not listed
Systems Engineering Services (SES) - All Positions,Location not available,Salary not listed
Senior Systems Engineering Manager - Electrophysiology,Location not available,Salary not listed
"Systems Engineering, Senior Advisor",Location not available,Salary not listed
Engineer - Systems Engineering - FLRAA,Location not available,Salary not listed
Engineer - Systems Engineering - FLRAA,Location not available,Salary not listed
"Sr Software Engineer, ML Systems Engineering",Location not available,Salary not listed
"Cyber Systems Engineering, Advisor",Location not available,Salary not listed
"Systems Engineering Intern IV, Summer 2025",Location not available,Salary not listed
Sub-Section Manager - Test Systems Engineering,Location not available,Salary not listed
2025 Entry Level - Systems Engineering (July),Location not available,Salary not listed
2025 Entry Level - Systems Engineering (January),Location not available,Salary not listed
Sr. Security Systems Engineering Technician,Location not available,Salary not listed
Systems Engineering Technical Lead - Precision Strike Munitions (Hybrid),Location not available,Salary not listed
Sr. Technical Program Manager - ADAS/AD Systems Engineering,Location not available,Salary not listed
"Senior Technical Advisor - Systems Engineering, Software Engineering, HWIL and Digital Architectures",Location not available,Salary not listed
Network Systems Engineering SME,Location not available,Salary not listed
Join Noblis on SETIS (Systems Engineering and Technical Innovative Solutions) Missions,Location not available,Salary not listed
"Manager, Systems Engineering - Mid-Market",Location not available,Salary not listed
Lead Engineer - Systems Engineering,Location not available,Salary not listed
"Systems Engineering, Lead Associate",Location not available,Salary not listed
Systems Engineering Discipline Leader,Location not available,Salary not listed
"Systems Engineering, Associate- St. Louis, MO",Location not available,Salary not listed
Sr Staff Engineer - Next Gen Engine Systems Engineering (Mechanical - Engine Externals),Location not available,Salary not listed
Staff Engineer - Engine Systems Engineering - Aerospace,Location not available,Salary not listed
"Systems Engineering (Ignite Innovator Pgm), Associate- Blacksburg, VA",Location not available,Salary not listed
"Director, Systems Engineering, Major Enterprise",Location not available,Salary not listed
"Systems Engineering (Ignite Innovator Pgm), Associate- Herndon, VA",Location not available,Salary not listed
"Systems Engineering (Ignite Innovator Pgm), Senior Associate- Blacksburg, VA",Location not available,Salary not listed
Senior Staff Engineer - APD Systems Engineering,Location not available,Salary not listed
Staff System Engineer 2: Model Based Systems Engineering (MBSE),Location not available,Salary not listed
Advanced Lead Engineer - Systems Engineering - FLRAA,Location not available,Salary not listed
Model Based Systems Engineering (MBSE) Lead,Location not available,Salary not listed
"Systems Engineering (Ignite Innovator Pgm), Senior Associate- Herndon, VA",Location not available,Salary not listed
"Manager - Field Systems Engineering, Residential Solar, Storage and EV Charging",Location not available,Salary not listed
Systems Engineering Group Lead,Location not available,Salary not listed
"Systems Engineering, Integration and Test Manager",Location not available,Salary not listed
Systems Engineering Lead,Location not available,Salary not listed
"Cyber Systems Engineering, Senior Advisor",Location not available,Salary not listed
Systems Engineering Section Lead - Seeker and Guidance Solutions (Hybrid),Location not available,Salary not listed
Lead Engineer - Systems Engineering,Location not available,Salary not listed
Systems Engineering Intern - Summer 2025,Location not available,Salary not listed
"Systems Engineering, Integration, and Test Lead",Location not available,Salary not listed
Systems Engineering Section Lead - Aviation Weapons PGSS Product Line (Hybrid),Location not available,Salary not listed
Senior Staff Engineer - Systems Engineering (Legacy Configurations),Location not available,Salary not listed
Systems Engineer (Model Based Systems Engineering),Location not available,Salary not listed
Systems Engineering Section Lead - Strategic Missiles Segment PGSS Product Line (Hybrid),Location not available,Salary not listed
Sr Technical Advisor - Rail Systems Engineering,Location not available,Salary not listed
Sr Technical Advisor - Rail Systems Engineering,Location not available,Salary not listed
Enterprise-level Systems Engineering and Technical Analyst (SETA),Location not available,Salary not listed
"Manager, Business Systems Engineering",Location not available,Salary not listed
Senior Motion Control Systems Engineering Manager,Location not available,Salary not listed
Senior Enterprise-level Systems Engineering and Technical Analyst (SETA),Location not available,Salary not listed
"Director, Systems Engineering, Enterprise Majors",Location not available,Salary not listed
VP of Named Enterprise Systems Engineering,Location not available,Salary not listed
Director of Systems Engineering Enterprise,Location not available,Salary not listed
LEAD ANALYST - LEAD ENGINEER - PRINCIPAL ENGINEER - Systems Engineering,Location not available,Salary not listed
"Senior Manager, Systems Engineering",Location not available,Salary not listed
"Systems Engineering & Integration Opportunities in Huntsville, AL",Location not available,Salary not listed
Systems Engineering - Cloud Infrastructure,Location not available,Salary not listed
Wireless Systems Engineering Internship - Summer 2025,Location not available,Salary not listed
"Senior Systems Engineer, Battery Controls Systems Engineering",Location not available,Salary not listed
Systems Engineering Services - Senior,Location not available,Salary not listed
Chief Scientist for Missile Defense Systems Engineering and Analysis,Location not available,Salary not listed
"Senior Manager, Systems Engineering with TS/SCI clearance (on site Northern Virginia)",Location not available,Salary not listed
Technical Professional - Systems Engineering (MBSE),Location not available,Salary not listed
"Systems Engineering Intern- Summer 2025, Full-Time",Location not available,Salary not listed
"Cyber Systems Engineering, Lead Associate",Location not available,Salary not listed
Complex Systems Engineering and Analysis Intern,Location not available,Salary not listed
Technical Project Manager - Systems Engineering,Location not available,Salary not listed
